None	aaaa	bbbb	cccc	dddd	eeee	ffff	gggg	hhhh	iiii	jjjj	kkkk	llll
Cyp6a17|NP_652018.1|DMEL	1004.6	0	0	0	0	0	875.9	0	0	0	0	464.53333333333336
Cyp6a23|NP_611000.2|DMEL	1011.9	0	0	0	0	0	872.5	0	0	0	0	471.3999999999999
Cyp6a9|NP_523748.2|DMEL	1020.0	0	0	0	0	0	0	854.7	0	0	0	479.5
Cyp6a21|NP_611003.2|DMEL	1023.5	0	0	0	0	0	0	856.3	0	0	0	482.31666666666666
Jon25Biii|NP_608881.1|DMEL	556.6	0	0	0	0	0	0	0	0	460.5	0	275.24
Jon66Cii|NP_648217.1|DMEL	568.5	0	0	0	0	0	0	0	0	464.95000000000005	0	281.06
Jon66Ci|NP_729372.1|DMEL	564.7	0	0	0	0	0	0	0	0	462.45000000000005	0	282.58000000000004
CG18180|NP_648341.1|DMEL	560.5	0	0	0	0	0	0	0	0	0	178.3	236.29999999999998
CG3088|NP_648334.1|DMEL	511.9	0	0	0	0	0	0	0	0	0	174.1	224.53333333333333
yip7|NP_523944.1|DMEL	522.7	0	0	0	0	0	0	357.8	0	0	0	347.1
CG10477|NP_648010.1|DMEL	524.6	0	0	0	0	0	0	357.5	0	0	0	365.5
lectin-24A|NP_652637.1|DMEL	578.9	0	0	0	0	0	138.3	0	0	0	0	95.47272727272728
lectin-22C|NP_001137766.1|DMEL	538.9	0	0	0	0	128.6	0	0	0	0	0	104.93636363636364
CG15818|NP_609116.1|DMEL	570.9	0	0	0	0	0	132.5	0	0	0	0	104.30999999999999
lectin-24Db|NP_652641.1|DMEL	576.6	0	0	0	0	129.0	0	0	0	0	0	99.96363636363635
Acp29AB|NP_523512.2|DMEL	483.8	0	190.7	0	151.8	0	0	0	0	0	0	81.9875
lectin-30A|NP_652635.2|DMEL	459.9	0	0	0	143.5	0	0	0	0	0	0	84.47
lectin-29Ca|NP_652640.1|DMEL	441.8	0	192.6	0	136.3	0	0	0	0	0	0	77.38
CG2839|NP_608540.1|DMEL	580.1	0	0	0	0	201.1	0	0	0	0	0	94.06923076923076
lectin-21Cb|NP_608539.2|DMEL	519.2	0	0	0	0	204.1	0	0	0	0	0	94.03636363636362
Ugt35D1|NP_651866.1|DMEL	1055.0	0	0	0	0	0	662.3	0	0	0	564.3	0
Ugt35E1|NP_652622.3|DMEL	1042.0	0	0	0	0	0	681.55	0	0	0	542.3	0
Ugt35E2|NP_652623.2|DMEL	1075.8	0	0	0	0	0	695.45	0	0	0	556.2	0
CG17097|NP_609429.1|DMEL	1240.7	0	0	0	0	0	0	346.8	0	0	0	305.65
CG18284|NP_609428.1|DMEL	856.7	0	760.0	0	0	0	0	271.0	0	0	0	292.04999999999995
CG31872|NP_723603.1|DMEL	935.6	0	762.3	0	0	0	0	498.4	0	0	0	292.825
Ccp84Ab|NP_649682.1|DMEL	259.2	0	0	0	0	0	255.4	0	0	0	0	149.75
Ccp84Aa|NP_649683.1|DMEL	257.3	0	0	0	0	0	255.4	0	0	0	0	147.6
CG6788|NP_573254.1|DMEL	737.6	0	0	0	0	0	0	0	0	207.6	0	155.5
CG31832|NP_723894.2|DMEL	491.5	0	0	0	0	0	0	0	0	210.7	0	157.275
CG30281|NP_726164.1|DMEL	604.7	0	0	0	0	0	0	0	0	0	274.6	162.82500000000002
CG30280|NP_611641.6|DMEL	607.1	0	0	0	0	0	0	0	0	0	273.1	164.45
CG31793|NP_609930.4|DMEL	2535.8	0	0	0	0	0	0	0	0	1790.4	0	1441.6750000000002
CG9270|NP_995741.2|DMEL	2473.7	0	0	0	0	0	0	0	0	1793.1	0	1413.3500000000001
CG31792|NP_724148.2|DMEL	2538.8	0	0	0	0	0	0	1713.4	0	0	0	1301.3000000000002
CG7627|NP_001245943.1|DMEL	2558.1	0	0	0	0	0	0	1708.7	0	0	0	1498.125
Hsp70Ba|NP_731716.1|DMEL	1260.1	1241.1	0	0	0	0	0	0	0	0	0	1044.6
Hsp70Ab|NP_524798.2|DMEL	1260.0	1246.575	0	0	0	0	0	0	0	0	0	1048.5
Hsp70Bc|NP_650209.1|DMEL	1261.9750000000001	1244.6	0	0	0	0	0	0	0	0	0	1046.2
Hsp70Bb|NP_524927.2|DMEL	1261.9750000000001	1244.6	0	0	0	0	0	0	0	0	0	1046.2
Hsp70Aa|NP_731651.1|DMEL	1260.0	1246.575	0	0	0	0	0	0	0	0	0	1048.5
Hsp70Bbb|NP_788663.1|DMEL	1260.625	1241.9	0	0	0	0	0	0	0	0	0	1043.5
CG31097|NP_733093.2|DMEL	866.3	0	0	0	0	0	0	0	0	0	404.1	212.73846153846156
CG31288|NP_733094.1|DMEL	816.2	0	0	0	0	0	0	0	0	0	402.1	215.30769230769226
CG6834|NP_650104.2|DMEL	1803.9	0	0	0	0	0	0	1161.0	0	0	0	261.15384615384613
CG6830|NP_650103.1|DMEL	1755.7	0	0	0	0	0	0	1162.9	0	0	0	269.2923076923077
CHKov1|NP_001097918.1|DMEL	825.9	0	0	0	0	0	0	644.8	0	0	0	290.80000000000007
CG10562|NP_651385.3|DMEL	810.4	0	0	0	0	0	0	649.0	0	0	0	292.4307692307692
CG10560|NP_651384.2|DMEL	843.6	0	0	0	0	0	0	608.6	0	0	0	282.96153846153845
CG10553|NP_651383.1|DMEL	847.0	0	0	0	0	0	0	612.5	0	0	0	273.1923076923077
CG30047|NP_725141.1|DMEL	1760.7	0	0	0	0	0	0	0	0	1187.9499999999998	0	895.55
CG30043|NP_725143.1|DMEL	1785.4	0	0	0	0	0	0	0	1131.3	1208.7	0	837.875
CG30049|NP_725142.3|DMEL	1753.0	0	0	0	0	0	0	0	1137.9	1181.0	0	865.9
CG33012|NP_788335.2|DMEL	1849.7	0	0	0	0	0	0	0	0	1134.4	0	873.4399999999999
CG13160|NP_001260918.1|DMEL	1763.0	0	0	0	0	0	0	0	0	1128.6	0	852.5200000000001
CG10081|NP_611418.1|DMEL	1736.1	0	0	0	0	0	0	0	1082.4	0	0	772.56
CG10073|NP_001261090.1|DMEL	1749.2	0	0	0	0	0	0	0	1080.9	0	0	782.26
CG11659|NP_650829.1|DMEL	1089.5	0	0	0	0	0	0	804.7	0	0	0	396.88
CG6300|NP_650828.1|DMEL	1082.4	0	0	0	0	0	0	812.0	0	0	0	398.98
CG11407|NP_650831.1|DMEL	1083.6	0	0	0	0	0	0	808.1500000000001	0	0	0	410.68
CG10182|NP_651158.1|DMEL	1402.1	0	0	0	0	0	810.8	0	743.0	691.0	0	534.72
CG33337|NP_996269.2|DMEL	1414.1	0	0	0	0	0	814.3	0	734.6	675.6	0	516.6800000000001
CG16723|NP_651159.3|DMEL	1390.2	0	0	0	0	0	0	0	738.05	648.7	0	526.24
CG14204|NP_608321.1|DMEL	1442.2	0	0	0	0	0	0	0	0	674.4666666666667	0	555.52
CG5892|NP_650959.2|DMEL	1375.9	0	0	0	0	0	0	0	0	0	682.2	534.9666666666667
CG14219|NP_608322.1|DMEL	1426.0	0	0	0	0	0	0	0	865.9	0	654.4	565.8333333333334
CG14205|NP_608323.1|DMEL	1427.2	0	0	0	0	0	0	0	871.7	0	681.4	574.0666666666667
CG12133|NP_610540.2|DMEL	676.8	0	0	0	0	181.60000000000002	0	0	0	0	0	169.6
CG31219|NP_001097837.1|DMEL	730.7	0	0	0	0	187.60000000000002	0	0	0	0	0	191.16666666666666
CG18754|NP_652652.3|DMEL	706.8	0	0	0	0	191.8	0	0	0	0	0	161.26666666666668
Alp8|NP_611655.1|DMEL	1068.5	0	0	0	0	919.8	0	0	0	0	0	680.2
Alp2|NP_611654.1|DMEL	1085.5	0	0	0	0	923.7	0	0	0	0	0	686.0
GstE6|NP_611328.1|DMEL	444.1	0	0	0	0	0	0	0	326.45	0	0	233.26
GstE8|NP_611330.2|DMEL	443.7	0	0	0	0	0	0	339.0	325.1	0	0	231.64000000000001
GstE7|NP_611329.1|DMEL	446.8	0	0	0	0	0	0	338.6	322.8	0	0	241.9
Cyp9f3|NP_001350862.1|DMEL	860.1	0	785.8	0	0	0	0	0	0	0	0	300.0333333333333
Cyp9f2|NP_650189.1|DMEL	1042.3	0	787.7	0	0	0	0	0	0	0	0	418.8333333333333
Or85c|NP_524280.2|DMEL	763.5	0	0	0	0	0	0	0	530.4	0	0	211.375
Or85b|NP_524279.2|DMEL	772.7	0	0	0	0	0	0	0	534.6	0	0	228.575
GstD8|NP_524916.1|DMEL	444.1	0	0	0	0	0	0	0	0	272.15	0	274.1
GstD4|NP_524913.1|DMEL	441.0	0	0	0	0	0	0	279.6	0	293.1	0	272.7
GstD3|NP_788656.1|DMEL	411.4	0	0	0	0	0	0	277.3	0	246.1	0	241.3
LysP|NP_476828.1|DMEL	298.9	0	0	0	0	0	0	0	0	0	231.9	194.0
LysD|NP_476823.1|DMEL	307.4	0	0	0	0	0	0	0	0	0	233.8	205.29999999999998
CG6283|NP_651524.1|DMEL	699.1	0	0	0	0	0	0	0	543.9	0	0	468.6333333333334
CG17191|NP_651523.1|DMEL	698.0	0	0	0	0	0	0	0	543.5	0	0	427.8
CG6271|NP_651526.1|DMEL	702.6	0	0	0	0	0	0	629.4	0	0	0	456.73333333333335
CG6277|NP_651525.1|DMEL	698.4	0	0	0	0	0	0	627.9	0	0	0	459.90000000000003
PGRP-SC1a|NP_610407.1|DMEL	396.7	396.7	0	0	0	0	0	0	0	0	0	269.2
PGRP-SC1b|NP_610409.1|DMEL	396.7	396.7	0	0	0	0	0	0	0	0	0	269.2
CG11951|NP_001350853.2|DMEL	1717.2	0	0	0	0	706.8	0	0	744.2	0	0	285.8
CG31445|NP_651689.1|DMEL	1915.2	0	0	0	0	712.6	0	0	1417.9	0	0	544.7
SP1029|NP_652618.1|DMEL	1911.3	0	0	0	0	0	0	0	1080.1	0	0	556.2
CG30148|NP_665889.1|DMEL	265.0	0	0	0	0	0	0	0	0	0	167.5	112.5
GNBP3|NP_523986.2|DMEL	1038.5	0	0	0	0	0	0	0	0	0	168.3	128.3
Cyp4ac1|NP_608916.1|DMEL	1022.3	0	0	0	0	813.9	0	0	796.6	0	0	0
Cyp4ac3|NP_608918.1|DMEL	1009.2	0	0	0	0	816.6	0	0	724.2	0	0	0
CG11889|NP_651367.1|DMEL	833.9	0	0	0	0	0	0	0	599.7	0	0	281.23333333333335
CG11891|NP_001027211.3|DMEL	849.7	0	0	0	0	0	0	84.0	81.6	0	0	54.23333333333334
CG11878|NP_651369.1|DMEL	839.3	0	0	0	0	0	0	0	598.2	0	0	286.4333333333334
CG33301|NP_001285793.1|DMEL	817.4	0	0	0	0	546.2	0	0	0	0	0	260.2666666666667
CG16898|NP_611452.2|DMEL	816.6	0	0	0	0	546.6	0	0	0	0	0	248.51666666666665
mthl12|NP_731791.2|DMEL	986.1	0	0	0	0	0	0	254.23333333333335	0	0	0	175.64999999999998
mthl4|NP_788394.1|DMEL	1050.8	836.6	0	0	0	538.1	0	231.9	0	0	0	273.5
mthl3|NP_663308.1|DMEL	1032.3	833.9	0	0	0	583.6	0	250.4	0	0	0	295.45000000000005
mth|NP_728521.1|DMEL	1055.0	0	0	0	0	558.55	0	274.6	0	0	0	309.5
AOX4|NP_650478.1|DMEL	2543.8	0	0	0	0	0	0	0	2065.8	0	0	1458.1999999999998
AOX3|NP_650477.1|DMEL	2545.4	0	0	0	0	0	0	0	2070.4	0	0	1515.5500000000002
Ugt37A1|NP_523607.2|DMEL	1024.2	0	0	0	0	0	700.7	0	0	0	0	510.17500000000007
Ugt37A2|NP_650228.1|DMEL	1011.5	0	0	0	0	0	701.4	0	0	0	0	522.975
CG2064|NP_610310.2|DMEL	664.8	0	0	0	0	0	0	0	476.5	0	429.29999999999995	0
CG2065|NP_610309.1|DMEL	602.1	0	0	0	0	0	0	0	473.4	0	407.35	0
CG10863|NP_647840.1|DMEL	660.6	0	0	0	0	0	0	0	0	513.5	0	402.1
CG12766|NP_647839.1|DMEL	667.2	0	0	0	0	0	0	0	0	516.2	0	387.5
CG18746|NP_652649.1|DMEL	891.3	0	0	0	0	0	0	0	0	0	362.5	321.05
CG18748|NP_001097703.1|DMEL	816.6	0	0	0	0	0	0	0	0	0	355.1	303.9
CG5783|NP_609869.1|DMEL	603.2	0	0	0	0	0	0	0	0	0	192.2	196.4
CG15155|NP_609868.1|DMEL	521.9	0	0	0	0	0	0	0	0	0	186.0	104.0
LManVI|NP_609253.1|DMEL	2036.5	0	0	0	0	0	0	1591.2	0	1358.6	1203.3	0
LManV|NP_609252.1|DMEL	1981.8	0	0	0	0	0	0	1591.6	0	1380.9	1190.6	0
LManIV|NP_609251.2|DMEL	1975.3	0	0	0	0	0	0	0	0	1367.65	1203.0	0
CG6901|NP_650531.1|DMEL	870.2	0	0	0	0	0	0	0	431.0	0	0	152.05
CG17929|NP_650532.2|DMEL	966.5	0	0	0	0	0	0	0	446.0	0	0	143.95
CG32054|NP_729588.1|DMEL	972.6	0	0	0	0	0	0	0	543.1	0	0	229.075
CG42825|NP_729590.1|DMEL	983.0	0	0	0	0	0	0	0	540.0	0	0	209.45
CG31327|NP_731888.1|DMEL	1765.4	0	0	0	0	895.2	0	0	0	0	0	263.7
CG31533|NP_731887.1|DMEL	1726.1	0	0	0	0	893.3	0	0	0	0	0	299.03333333333336
CG9722|NP_650341.1|DMEL	499.2	0	0	0	0	0	0	0	0	0	260.8	238.4
Nmda1|NP_523722.1|DMEL	474.9	0	0	0	0	0	0	0	0	0	261.2	327.4
CG13658|NP_651374.2|DMEL	871.3	0	0	0	0	0	0	565.7333333333332	419.5	0	0	0
CG11893|NP_651375.1|DMEL	864.4	0	0	0	0	0	0	602.6666666666666	421.4	0	0	0
CG31300|NP_651373.2|DMEL	862.8	0	0	0	0	0	0	605.4000000000001	420.6	0	0	0
CG31104|NP_733090.1|DMEL	869.4	0	0	0	0	0	0	597.5666666666666	417.55	0	0	0
CG5653|NP_648269.1|DMEL	1001.5	0	0	0	0	0	0	0	0	467.2	521.9	397.5
CG6034|NP_649005.1|DMEL	993.0	0	0	0	0	0	0	0	0	463.4	553.9	383.3
CG7460|NP_649004.1|DMEL	1012.3	0	0	0	0	0	0	0	0	0	538.5	502.7
CG9555|NP_609265.1|DMEL	582.8	0	0	0	0	0	0	0	413.7	0	0	200.3
CG17906|NP_609266.1|DMEL	578.9	0	0	0	0	0	0	0	413.7	0	0	183.7
MstProx|NP_649719.2|DMEL	1919.8	0	0	0	0	0	0	684.1	0	0	0	199.89999999999998
Toll-4|NP_523519.2|DMEL	2207.6	0	0	0	0	0	0	681.8	0	0	0	295.45
CG31086|NP_733139.1|DMEL	315.8	0	0	0	0	0	0	0	0	0	264.6	169.5
CG32633|NP_572898.1|DMEL	606.7	0	0	0	0	0	0	0	0	0	264.2	325.5
AANATL5|NP_611403.1|DMEL	443.7	432.2	0	0	0	0	0	0	161.8	0	0	113.6
AANATL6|NP_611405.2|DMEL	445.3	432.6	0	0	0	0	0	0	159.8	0	0	112.5
AANATL4|NP_611406.1|DMEL	452.6	0	0	0	0	0	0	0	162.75	0	0	111.5
CG4988|NP_609514.1|DMEL	764.6	0	0	0	0	0	0	0	0	0	338.6	337.6
CG32445|NP_730671.1|DMEL	767.7	0	0	0	0	0	0	0	0	0	340.1	356.5
Phae2|NP_609551.2|DMEL	536.6	0	0	0	0	0	371.3	0	0	0	0	190.3
Phae1|NP_609550.1|DMEL	474.6	0	0	0	0	0	361.3	0	0	0	0	167.35000000000002
Tim17a2|NP_649524.1|DMEL	443.0	0	0	0	0	0	277.3	0	0	0	0	171.4
Tim17a1|NP_650180.1|DMEL	442.2	0	0	0	0	0	279.6	0	0	0	0	175.6
vanin-like|NP_572297.1|DMEL	1122.1	0	0	0	0	787.3	0	0	0	0	0	316.8
CG32751|NP_001284927.1|DMEL	1075.5	0	0	0	0	792.0	0	0	0	0	0	293.9
CAH6|NP_001097987.1|DMEL	622.9	0	0	0	0	307.0	0	0	0	0	0	265.0
CAH16|NP_001287620.1|DMEL	587.8	0	0	0	0	300.8	0	0	0	0	0	210.7
Cys|NP_476856.1|DMEL	248.8	0	0	0	0	0	0	0	164.1	0	0	91.05000000000001
CG8066|NP_650374.1|DMEL	213.8	0	0	0	0	0	0	0	165.6	0	0	87.0
CG13978|NP_651562.2|DMEL	1773.4	0	0	0	0	0	0	0	491.5	0	0	299.5
CG6790|NP_650087.2|DMEL	1769.6	0	0	0	0	0	0	0	500.0	0	0	249.0
ACXC|NP_609593.1|DMEL	2223.4	0	0	0	0	1392.3	0	1050.0	0	0	0	718.0
ACXB|NP_620474.2|DMEL	2205.6	0	1490.3	0	0	1430.6	0	1042.7	0	0	0	699.5
ACXA|NP_620475.2|DMEL	2187.5	0	1477.2	0	0	1360.1	0	987.3	0	0	0	701.4
ACXE|NP_652601.3|DMEL	2212.2	0	0	0	0	0	0	1020.7666666666668	0	0	0	712.6
CG12376|NP_610405.3|DMEL	1203.3	0	0	0	0	678.3	0	0	0	0	0	322.0
CG5348|NP_611156.3|DMEL	1158.7	0	0	0	0	673.7	0	0	0	0	0	292.35
CG14743|NP_610408.2|DMEL	1191.8	0	0	0	0	0	0	523.1	0	0	0	283.1
CG14744|NP_001097232.2|DMEL	1238.0	0	0	0	0	0	0	535.8	0	0	0	340.35
CRAT|NP_649650.2|DMEL	1326.6	0	0	0	0	959.5	0	0	0	0	0	557.8
CG5265|NP_650605.1|DMEL	1324.3	0	0	0	0	964.1	0	0	0	0	0	567.0
Cyp313a5|NP_650168.1|DMEL	961.1	0	0	0	0	0	0	0	449.3666666666666	0	0	402.5
Cyp313a1|NP_650368.1|DMEL	1004.2	0	0	0	0	0	539.1	0	467.2	0	0	422.2
Cyp313a2|NP_650169.3|DMEL	973.4	0	0	0	0	594.3	511.1	0	428.3	0	0	410.2
Cyp313a3|NP_650170.2|DMEL	1001.5	0	0	0	0	606.7	565.5	0	471.9	0	0	440.7
CG13801|NP_647714.1|DMEL	1300.8	0	0	0	0	0	0	516.5	0	0	0	347.1
CG11262|NP_648617.2|DMEL	1310.0	0	0	0	0	0	0	506.1	0	0	0	471.1
CG5418|NP_609571.1|DMEL	738.0	0	0	0	0	0	0	485.3	0	0	0	233.8
CG11158|NP_572912.1|DMEL	722.6	0	0	0	0	0	0	484.2	0	0	0	237.3
CG18324|NP_725361.1|DMEL	624.4	0	0	0	0	0	0	0	384.8	0	0	350.1
CG18327|NP_610934.1|DMEL	608.6	0	0	0	0	0	0	0	384.8	0	0	446.8
Takl1|NP_732554.1|DMEL	685.3	0	0	0	0	0	0	0	0	0	172.9	214.9
Takl2|NP_651090.2|DMEL	584.3	0	0	0	0	0	0	0	0	0	176.0	258.1
blanks|NP_647966.1|DMEL	629.8	288.1	0	0	0	0	0	0	0	0	0	122.5
CG12493|NP_647927.3|DMEL	546.2	290.4	0	0	0	0	0	0	0	0	0	123.6
CG31468|NP_732890.1|DMEL	175.6	0	0	0	0	0	0	0	0	0	68.2	69.7
CG31870|NP_723620.1|DMEL	166.8	0	0	0	0	0	0	0	0	0	66.6	64.7
CG3123|NP_608716.1|DMEL	1308.5	0	0	0	0	0	0	0	548.5	0	0	389.4
CG14731|NP_650130.1|DMEL	1331.6	0	0	0	0	0	0	0	545.8	0	0	329.3
Qsox3|NP_650997.1|DMEL	1154.0	0	0	0	0	0	0	0	0	0	393.7	305.8
Qsox2|NP_650998.1|DMEL	1126.7	0	0	0	0	0	0	0	0	0	396.4	346.7
CG18418|NP_647924.2|DMEL	618.2	0	0	0	0	0	0	406.8	0	0	0	342.4
CG7514|NP_647923.1|DMEL	597.0	0	0	0	0	0	0	407.9	0	0	0	328.6
CG31674|NP_610063.4|DMEL	645.2	0	0	0	0	0	0	0	0	487.3	0	333.6
CG9331|NP_788080.1|DMEL	719.2	0	0	0	0	0	0	0	0	489.2	0	358.6
Prosalpha4|NP_525092.1|DMEL	474.2	0	0	0	0	369.0	0	0	0	0	0	309.7
Prosalpha4T1|NP_650910.1|DMEL	486.1	0	0	0	0	368.2	0	0	0	0	0	280.0
GstT2|NP_724816.3|DMEL	474.2	0	0	0	0	0	0	0	331.3	0	0	216.9
GstT1|NP_610509.2|DMEL	465.7	0	0	0	0	0	0	0	326.2	0	0	235.7
CG2187|NP_651890.1|DMEL	1170.2	0	0	0	0	0	0	0	0	0	822.0	560.8
salt|NP_651889.3|DMEL	1202.2	0	0	0	0	0	0	0	0	0	820.1	545.0
CG9649|NP_650343.1|DMEL	932.9	0	0	0	0	0	0	0	0	0	285.0	201.4
CG31326|NP_650344.2|DMEL	988.4	0	0	0	0	0	0	0	0	0	283.9	178.7
p38c|NP_996277.1|DMEL	739.2	0	0	0	0	0	0	0	0	0	377.1	372.1
p38a|NP_477163.1|DMEL	748.0	0	0	0	0	0	0	0	0	0	373.2	595.1
Sr-CII|NP_524720.2|DMEL	1152.5	0	0	0	0	543.9	0	0	270.0	0	0	0
Sr-CI|NP_477102.1|DMEL	975.3	0	0	0	0	542.3	0	0	260.4	0	0	0
ItgaPS5|NP_611808.2|DMEL	2028.1	0	0	0	0	864.4	1097.8	0	0	0	0	0
ItgaPS4|NP_611025.2|DMEL	2082.8	0	0	0	0	855.9	1011.1	0	0	0	0	0
CG1827|NP_610504.4|DMEL	793.5	0	0	0	0	0	394.0	0	0	0	0	313.2
CG10474|NP_611404.1|DMEL	696.0	0	0	0	0	0	392.1	0	0	0	0	265.8
CG30037|NP_725097.2|DMEL	867.8	0	0	0	0	431.0	0	437.2	0	0	0	0
CG30036|NP_725096.2|DMEL	810.8	0	0	0	0	433.3	0	477.2	0	0	0	0
CG31262|NP_732222.2|DMEL	1121.7	0	0	0	0	0	0	655.4	0	0	0	763.1
CG33124|NP_001097056.3|DMEL	1122.8	0	0	0	0	779.6	0	672.5	0	0	0	766.5
CG31668|NP_001097055.2|DMEL	1066.6	0	0	0	0	779.2	0	623.6	0	0	0	730.7
CG13323|NP_610832.1|DMEL	231.5	0	0	0	0	217.6	0	0	0	0	0	57.8
CG13324|NP_610833.1|DMEL	229.9	0	0	0	0	217.2	0	0	0	0	0	55.5
CG1635|NP_651873.3|DMEL	912.1	0	0	0	0	0	0	619.0	0	0	0	428.7
CG1638|NP_001097991.1|DMEL	891.0	0	0	0	0	0	0	617.1	0	0	0	406.4
CG14628|NP_569883.1|DMEL	249.6	0	0	0	0	113.2	0	89.0	0	0	0	0
CG18823|NP_659571.1|DMEL	220.3	0	0	0	0	113.2	0	78.2	0	0	0	0
CG13898|NP_612058.1|DMEL	312.0	0	0	0	0	0	0	0	0	0	94.4	77.8
CG30378|NP_724628.1|DMEL	287.7	0	0	0	0	0	0	0	0	0	98.6	88.2
CG13526|NP_611714.1|DMEL	305.4	0	0	0	0	0	0	0	0	0	83.0	72.8
CG4598|NP_609322.1|DMEL	541.6	0	0	0	0	0	0	0	384.0	0	305.4	0
CG4594|NP_609323.1|DMEL	542.0	0	0	0	0	0	0	0	386.0	0	293.1	0
CG15177|NP_649672.1|DMEL	453.0	0	0	0	0	0	339.7	0	0	0	0	168.33333333333334
sowi|NP_649671.2|DMEL	434.5	0	0	0	0	0	339.0	0	0	0	0	172.70000000000002
Cyp4e2|NP_477117.2|DMEL	1062.8	0	0	0	0	0	0	0	869.8	757.3	0	0
Cyp4e1|NP_524771.1|DMEL	1084.3	0	0	0	0	0	0	0	872.1	746.1	0	0
CG17562|NP_650566.1|DMEL	1010.7	0	0	0	0	0	0	0	652.7	0	509.6	0
CG14893|NP_650568.2|DMEL	1026.9	0	0	0	0	0	0	0	642.85	0	495.9	0
CG17560|NP_650567.1|DMEL	989.6	0	0	0	0	0	0	0	644.6	0	499.75	0
Sgp|NP_609241.1|DMEL	1056.6	0	0	0	0	0	577.4	0	0	0	510.40000000000003	0
CG10097|NP_731699.2|DMEL	1001.5	0	0	0	0	0	574.3	0	0	0	488.79999999999995	0
CG33700|NP_001027121.3|DMEL	369.4	0	0	0	0	0	0	0	0	0	117.1	108.37058823529412
CG33702|NP_001027120.1|DMEL	363.2	0	0	0	0	0	0	0	0	0	115.5	85.76666666666667
CG33783|NP_001027168.1|DMEL	349.7	0	0	267.3	0	0	0	0	0	0	0	108.4888888888889
CG33784|NP_001027169.1|DMEL	386.0	0	0	270.0	0	0	0	0	0	0	0	116.2875
CG33679|NP_001027273.1|DMEL	365.9	0	0	0	0	0	0	0	0	0	176.4	108.6
CG33752|NP_001027409.1|DMEL	383.3	0	0	0	0	0	0	0	0	0	172.9	110.2235294117647
CG33688|NP_001027131.1|DMEL	360.5	0	0	0	0	220.7	0	0	0	0	0	109.2642857142857
CG33689|NP_001027132.2|DMEL	381.7	0	0	0	0	226.5	0	0	0	0	0	130.18235294117648
CG33723|NP_001027235.1|DMEL	365.9	0	0	0	0	0	0	0	185.98	0	0	141.34615384615384
CG33463|NP_995846.2|DMEL	369.0	0	0	0	0	0	0	182.27499999999998	205.7	0	0	149.00833333333335
CG33912|NP_001027139.1|DMEL	333.6	0	238.0	0	0	0	180.3	159.5	159.5	0	0	115.78333333333332
CG33632|NP_001036537.1|DMEL	370.2	0	254.95	0	0	0	215.3	189.1	191.8	0	0	152.06363636363633
CG33764|NP_001027107.1|DMEL	370.2	0	260.55	0	0	0	206.1	177.9	195.3	0	0	145.91666666666666
CG33798|NP_001027414.1|DMEL	363.2	0	0	0	0	0	203.1	200.7	195.3	0	0	155.79999999999998
CG33483|NP_001189327.1|DMEL	475.3	0	0	0	0	0	0	0	186.96666666666667	0	0	152.8
CG33923|NP_001027216.2|DMEL	367.5	0	283.9	0	0	0	0	0	186.8	0	0	157.79333333333332
CG33922|NP_001027217.1|DMEL	367.1	0	279.6	0	0	0	0	0	172.75	0	0	151.58571428571426
CG33648|NP_001027265.2|DMEL	351.7	0	0	0	0	0	0	0	156.36666666666665	0	0	127.92142857142859
CG33796|NP_001027128.1|DMEL	375.6	0	0	0	0	0	0	199.9	0	0	0	158.59999999999997
CG33795|NP_001027129.2|DMEL	328.2	0	0	0	0	0	0	198.0	0	0	0	141.58
CG33453|NP_995888.1|DMEL	358.6	0	0	0	0	0	0	0	207.2	0	0	149.725
CG13589|NP_611918.2|DMEL	368.2	0	302.4	0	0	0	0	0	208.8	0	0	159.64999999999998
CG13590|NP_611919.1|DMEL	406.8	0	302.8	0	0	0	0	0	211.1	0	0	161.49999999999997
Or33a|NP_523553.1|DMEL	736.1	0	0	0	0	0	0	0	431.8	0	0	133.76666666666665
Or33b|NP_523554.1|DMEL	741.9	0	0	0	0	0	0	0	432.2	0	0	141.6833333333333
Or65a|NP_729161.1|DMEL	828.9	0	0	0	0	0	0	0	352.25	0	0	181.0
Or65b|NP_729162.3|DMEL	826.6	0	642.9	0	0	0	0	0	344.4	0	0	164.1
Or65c|NP_729163.2|DMEL	835.5	0	638.6	0	0	0	0	0	361.3	0	0	164.1
CG4318|NP_572860.2|DMEL	390.2	0	0	0	0	47.4	0	44.85	0	0	0	0
Neu2|NP_649316.1|DMEL	371.7	0	0	0	0	48.9	0	72.39999999999999	0	0	0	0
CG4793|NP_723941.2|DMEL	1306.2	0	0	0	0	315.5	0	0	196.89999999999998	0	0	0
CG31780|NP_723920.1|DMEL	961.1	0	0	0	0	310.8	0	0	203.1833333333333	0	0	0
CG18477|NP_609763.1|DMEL	961.1	0	0	0	0	310.8	0	0	203.1833333333333	0	0	0
SPH93|NP_609840.1|DMEL	760.4	0	0	0	0	0	258.45	0	229.94	0	0	0
CG14990|NP_647856.2|DMEL	669.8	0	0	0	0	0	270.0	0	231.88333333333333	0	0	0
CG3117|NP_608722.2|DMEL	713.0	0	0	0	0	0	254.0	0	201.63333333333333	0	0	0
CG18537|NP_611313.1|DMEL	401.0	0	0	0	0	211.8	0	251.9	0	0	0	0
CG18538|NP_611314.2|DMEL	389.0	0	0	0	0	213.0	0	202.6	0	0	0	0
CheB42c|NP_995764.2|DMEL	412.1	0	0	0	0	0	0	231.9	249.6	0	0	0
CheB38c|NP_610061.2|DMEL	414.8	0	0	0	0	0	0	231.9	207.2	0	0	0
TwdlK|NP_651488.1|DMEL	447.6	0	0	0	0	387.9	0	0	0	0	245.0	0
TwdlJ|NP_651489.2|DMEL	467.2	0	0	0	0	389.8	0	0	0	0	234.6	0
CG18636|NP_995714.2|DMEL	723.8	0	0	0	0	0	320.5	206.85	0	0	0	0
CG43336|NP_001247122.1|DMEL	578.2	0	0	0	0	0	315.8	186.2	0	0	0	0
CG33462|NP_995844.2|DMEL	642.9	0	0	0	0	255.0	0	186.8	0	0	0	0
CG33461|NP_995843.3|DMEL	606.3	0	0	0	0	251.5	0	211.1	0	0	0	0
Ir52b|NP_725469.2|DMEL	1184.1	0	0	0	0	0	0	604.4	460.7	0	0	0
Ir52a|NP_611041.2|DMEL	1197.6	0	0	0	0	0	0	609.4	494.8	0	0	0
Ir52d|NP_611042.2|DMEL	1201.8	0	0	0	683.3	0	0	0	498.05	0	0	0
Ir52c|NP_725470.1|DMEL	1209.9	0	0	0	677.2	0	0	0	466.1	0	0	0
Gr22b|NP_001014456.1|DMEL	762.7	0	0	0	0	333.2	0	0	0	272.7	0	0
Gr22f|NP_722729.2|DMEL	746.9	0	0	0	0	327.8	0	0	0	245.35000000000002	0	0
CG17198|NP_001287532.1|DMEL	554.3	0	0	0	0	0	129.32500000000002	135.2	0	0	0	0
CG17197|NP_651425.2|DMEL	493.4	0	0	0	0	0	168.525	134.0	0	0	0	0
CG17196|NP_651426.1|DMEL	495.7	0	0	0	0	236.5	173.4666666666667	141.7	0	0	0	0
CG17195|NP_651427.2|DMEL	511.1	0	0	0	0	224.9	154.56666666666666	118.2	0	0	0	0
CG13029|NP_648928.1|DMEL	515.0	0	0	0	0	0	167.52499999999998	123.6	0	0	0	0
Drsl4|NP_728862.1|DMEL	152.1	0	0	0	0	0	108.2	88.46666666666665	0	0	0	0
Drsl3|NP_728861.1|DMEL	152.5	0	0	0	0	0	105.9	77.93333333333334	0	0	0	0
Cyp4p3|NP_610473.1|DMEL	1037.3	0	0	0	0	800.4	0	701.8	0	0	0	0
Cyp4p1|NP_524828.1|DMEL	1031.6	0	0	0	0	801.6	0	698.7	0	0	0	0
CG15820|NP_647696.1|DMEL	645.2	0	0	0	0	0	0	430.3	421.8	0	0	0
CG5704|NP_652068.1|DMEL	694.5	0	0	0	0	0	0	428.3	471.5	0	0	0
Eig71Ea|NP_524088.2|DMEL	211.5	0	0	0	0	0	130.2	0	0	65.5	0	0
Eig71Ed|NP_524091.1|DMEL	203.8	0	0	0	0	0	125.2	0	0	62.4	0	0
CG13110|NP_609282.1|DMEL	289.3	0	0	0	0	0	0	0	104.55000000000001	0	99.4	0
CG31347|NP_731735.1|DMEL	298.1	0	0	0	0	0	0	0	107.5	0	102.8	0
CG14391|NP_650225.2|DMEL	280.8	0	0	0	0	0	0	0	100.35	0	86.7	0
Eig71Eg|NP_524094.2|DMEL	206.1	0	0	0	0	0	0	0	0	75.1	76.05	0
Eig71Ek|NP_648797.1|DMEL	207.2	0	0	0	0	0	0	0	0	72.8	59.3	0
Eig71Ec|NP_524090.2|DMEL	230.3	0	0	0	0	0	90.1	0	0	0	57.8	0
Eig71Eb|NP_524089.2|DMEL	188.0	0	0	0	0	0	90.1	0	0	0	69.3	0
CG13793|NP_609136.2|DMEL	1151.7	0	829.3	0	814.7	0	0	0	0	0	0	0
CG13794|NP_609137.2|DMEL	1172.9	0	815.8	0	911.4	0	0	0	0	0	0	0
CG13749|NP_610428.2|DMEL	288.1	0	0	0	0	0	0	0	156.8	0	86.3	0
CG33470|NP_995829.2|DMEL	390.2	0	0	0	0	0	0	0	154.5	0	100.5	0
IMPPP|NP_725288.1|DMEL	390.2	0	0	0	0	0	0	0	154.5	0	100.5	0
CG44142|NP_001262532.1|DMEL	102.1	0	74.7	0	0	0	0	0	0	0	40.8	0
CG45080|NP_001287312.1|DMEL	101.7	0	71.2	0	0	0	0	0	0	0	0	0
Gr36c|NP_724040.1|DMEL	769.6	0	0	0	0	318.2	0	346.7	0	0	0	0
Gr36b|NP_724039.1|DMEL	742.7	0	0	0	0	312.8	0	346.7	0	0	0	0
Ugt303B1|NP_651153.1|DMEL	1034.6	0	0	0	630.6	0	0	627.5	0	0	0	0
Ugt303B3|NP_651152.1|DMEL	1076.2	0	0	0	629.0	0	0	598.6	0	0	0	0
CG9616|NP_650347.2|DMEL	318.5	0	0	0	0	86.3	97.8	0	0	0	0	0
CG43291|NP_001247093.1|DMEL	288.5	0	0	0	0	85.1	68.2	0	0	0	0	0
CG42690|NP_001188981.1|DMEL	266.5	0	65.5	0	0	82.0	0	0	0	0	0	0
CG42691|NP_001188982.1|DMEL	195.7	0	75.5	0	0	57.4	0	0	0	0	0	0
CG32192|NP_730325.1|DMEL	276.6	0	177.2	0	0	0	0	0	0	0	0	0
CG42393|NP_001137967.1|DMEL	266.2	0	175.6	0	0	0	0	40.4	0	0	0	0
CheB53b|NP_001014531.1|DMEL	426.8	0	0	0	0	0	225.3	0	173.9	0	0	0
CheB53a|NP_001014530.1|DMEL	457.2	0	0	0	0	0	221.5	0	174.3	0	0	0
CG31680|NP_724273.1|DMEL	295.4	0	139.4	0	0	0	80.9	0	0	0	0	0
CG17472|NP_610040.1|DMEL	319.3	0	141.4	0	0	0	91.3	0	0	0	0	0
Spn38F|NP_524956.2|DMEL	724.5	520.0	0	0	0	0	334.0	0	0	0	0	0
Spn28F|NP_524957.2|DMEL	722.2	515.4	0	0	0	0	326.6	0	0	0	0	0
