   50
CNAS        0.000000  0.864227  0.819966  0.811293  0.799783  0.805667
  0.805139  0.798830  0.802843  0.803786  0.729204  0.792234  0.781632
  0.774173  0.770508  0.775538  0.778039  0.768934  0.652203  0.652332
  0.653279  0.657489  0.658109  0.659018  0.657526  0.658213  0.653981
  0.651741  0.651819  0.649976  0.650309  0.651579  0.648993  0.651344
  0.649793  0.650532  0.656227  0.649274  0.650934  0.650916  0.655067
  0.655252  0.647889  0.652678  0.652554  0.648787  0.649252  0.652473
  0.616136  0.639663
MSAC        0.864227  0.000000  0.740383  0.860427  0.849823  0.856322
  0.852541  0.849915  0.849577  0.850878  0.771115  0.788231  0.783678
  0.768070  0.765772  0.775048  0.775276  0.770265  0.880811  0.877775
  0.878367  0.882778  0.883696  0.883714  0.881274  0.882132  0.880642
  0.878405  0.877661  0.874807  0.876339  0.876871  0.876242  0.874797
  0.874310  0.874955  0.878985  0.876977  0.876569  0.879870  0.879338
  0.880422  0.874214  0.878257  0.878969  0.876098  0.877222  0.878257
  0.850414  0.868828
BTAB        0.819966  0.740383  0.000000  0.811187  0.799329  0.806501
  0.802107  0.797246  0.799151  0.797362  0.706744  0.730718  0.720697
  0.707977  0.704793  0.710647  0.715110  0.709733  0.839779  0.832860
  0.833470  0.841446  0.839903  0.841981  0.838734  0.840027  0.836837
  0.836660  0.834498  0.833276  0.834445  0.834206  0.833202  0.832701
  0.831691  0.831812  0.838903  0.834594  0.833611  0.834308  0.836062
  0.838031  0.830309  0.834783  0.836663  0.830407  0.831919  0.834752
  0.799625  0.816400
BMOR        0.811293  0.860427  0.811187  0.000000  0.285350  0.297186
  0.293264  0.301313  0.270533  0.260169  0.718213  0.779739  0.769426
  0.757403  0.756170  0.753772  0.753433  0.753355  0.827876  0.824917
  0.825576  0.830134  0.831803  0.831205  0.826738  0.831105  0.828373
  0.823550  0.824732  0.821024  0.825424  0.825719  0.823599  0.822970
  0.821910  0.822750  0.829881  0.824758  0.824165  0.820526  0.824915
  0.826712  0.816529  0.825181  0.825101  0.820614  0.821839  0.825604
  0.789081  0.805896
HKAH        0.799783  0.849823  0.799329  0.285350  0.000000  0.275415
  0.270297  0.279676  0.239894  0.242893  0.707708  0.768251  0.758159
  0.746237  0.744052  0.740480  0.743635  0.740276  0.819233  0.813621
  0.814119  0.818862  0.820605  0.820846  0.816090  0.820072  0.817109
  0.813113  0.812770  0.809329  0.813594  0.813776  0.810947  0.812515
  0.811464  0.811445  0.818802  0.813622  0.812911  0.812927  0.816214
  0.817453  0.808278  0.815916  0.816772  0.811578  0.810936  0.815403
  0.777814  0.792384
PPOL        0.805667  0.856322  0.806501  0.297186  0.275415  0.000000
  0.081182  0.274787  0.262531  0.263428  0.713708  0.770535  0.761711
  0.750687  0.751384  0.751188  0.750990  0.745050  0.824793  0.821282
  0.821547  0.825649  0.826927  0.828088  0.825840  0.827855  0.823325
  0.819722  0.820643  0.819418  0.821154  0.821524  0.818866  0.820558
  0.818542  0.819323  0.824152  0.819298  0.821191  0.822044  0.823944
  0.823816  0.817343  0.822554  0.822312  0.817199  0.819989  0.822417
  0.784155  0.798084
PXUT        0.805139  0.852541  0.802107  0.293264  0.270297  0.081182
  0.000000  0.269746  0.255666  0.259881  0.710677  0.766783  0.757227
  0.747618  0.745141  0.745793  0.746928  0.743043  0.825229  0.820983
  0.820813  0.827618  0.827959  0.828072  0.823503  0.828682  0.824079
  0.818588  0.820454  0.817038  0.821095  0.821695  0.819206  0.819634
  0.818723  0.818859  0.824961  0.820654  0.821856  0.819603  0.823409
  0.823104  0.813976  0.821536  0.822134  0.816785  0.816895  0.821505
  0.782909  0.796769
DPLE        0.798830  0.849915  0.797246  0.301313  0.279676  0.274787
  0.269746  0.000000  0.267578  0.269147  0.708458  0.765760  0.756780
  0.745952  0.744227  0.741201  0.744675  0.740570  0.819873  0.814532
  0.814888  0.820342  0.820722  0.822658  0.817602  0.821940  0.818257
  0.813261  0.813388  0.810544  0.814753  0.815263  0.812696  0.812584
  0.812511  0.812320  0.819266  0.814335  0.814347  0.813874  0.817491
  0.817852  0.810178  0.816672  0.817055  0.812751  0.812617  0.816233
  0.780319  0.794540
GMEL        0.802843  0.849577  0.799151  0.270533  0.239894  0.262531
  0.255666  0.267578  0.000000  0.228453  0.706603  0.766519  0.756664
  0.743868  0.742637  0.742326  0.741306  0.740436  0.822332  0.815422
  0.816159  0.824371  0.824297  0.826407  0.821733  0.825717  0.821016
  0.815265  0.817698  0.813385  0.818167  0.817760  0.815311  0.815842
  0.815008  0.814810  0.822222  0.815504  0.816581  0.817042  0.817771
  0.820902  0.811210  0.818917  0.820422  0.816839  0.816307  0.820301
  0.783048  0.792903
TRNI        0.803786  0.850878  0.797362  0.260169  0.242893  0.263428
  0.259881  0.269147  0.228453  0.000000  0.710995  0.770329  0.760479
  0.746946  0.746349  0.744453  0.746076  0.741809  0.820777  0.815740
  0.816761  0.823271  0.823200  0.823735  0.818813  0.823651  0.818365
  0.813514  0.815229  0.811588  0.816246  0.815999  0.814059  0.815007
  0.813789  0.814061  0.822464  0.816140  0.815410  0.815421  0.818803
  0.820356  0.810693  0.818672  0.820646  0.815747  0.814777  0.819195
  0.783355  0.794436
TCAS        0.729204  0.771115  0.706744  0.718213  0.707708  0.713708
  0.710677  0.708458  0.706603  0.710995  0.000000  0.661009  0.650025
  0.638602  0.635200  0.640574  0.644924  0.639669  0.746663  0.742329
  0.742540  0.749041  0.748896  0.748732  0.745974  0.747553  0.742540
  0.743055  0.742702  0.740292  0.741701  0.742022  0.740557  0.741416
  0.738318  0.740560  0.746899  0.740329  0.742244  0.743032  0.747589
  0.749237  0.737221  0.742224  0.742679  0.738446  0.739299  0.741017
  0.704900  0.727332
CSOL        0.792234  0.788231  0.730718  0.779739  0.768251  0.770535
  0.766783  0.765760  0.766519  0.770329  0.661009  0.000000  0.253459
  0.394980  0.393410  0.403217  0.405407  0.404761  0.816722  0.813435
  0.812412  0.818401  0.818895  0.819066  0.812488  0.818212  0.815012
  0.810362  0.810064  0.807761  0.811802  0.811963  0.810439  0.808781
  0.807535  0.810353  0.811867  0.811078  0.811237  0.808204  0.811879
  0.813630  0.805132  0.812401  0.812670  0.809753  0.807830  0.811936
  0.776761  0.794835
NVIT        0.781632  0.783678  0.720697  0.769426  0.758159  0.761711
  0.757227  0.756780  0.756664  0.760479  0.650025  0.253459  0.000000
  0.386268  0.381002  0.388468  0.394020  0.391316  0.805525  0.801414
  0.800688  0.808763  0.807338  0.809143  0.801939  0.807438  0.804192
  0.799350  0.798701  0.796043  0.799449  0.800111  0.797865  0.797211
  0.796667  0.799585  0.800848  0.796170  0.800140  0.801917  0.803542
  0.803545  0.794622  0.802971  0.804006  0.801141  0.798771  0.800719
  0.764749  0.780743
AMEL        0.774173  0.768070  0.707977  0.757403  0.746237  0.750687
  0.747618  0.745952  0.743868  0.746946  0.638602  0.394980  0.386268
  0.000000  0.131907  0.283818  0.285096  0.286547  0.800442  0.797232
  0.797173  0.803904  0.804851  0.806734  0.798662  0.804150  0.799859
  0.794769  0.795339  0.792332  0.797290  0.798611  0.795418  0.793588
  0.794380  0.796046  0.797884  0.795135  0.797099  0.795295  0.795611
  0.798419  0.790525  0.798334  0.798769  0.795597  0.793417  0.797170
  0.755766  0.770453
BTER        0.770508  0.765772  0.704793  0.756170  0.744052  0.751384
  0.745141  0.744227  0.742637  0.746349  0.635200  0.393410  0.381002
  0.131907  0.000000  0.278460  0.283111  0.282776  0.797332  0.792733
  0.792326  0.800788  0.801210  0.802158  0.793261  0.800435  0.795538
  0.790013  0.792102  0.788040  0.793096  0.794492  0.791681  0.789647
  0.789813  0.792112  0.794898  0.792175  0.792103  0.790542  0.792344
  0.794857  0.785954  0.793753  0.794736  0.791352  0.789065  0.793451
  0.753997  0.768112
OBIR        0.775538  0.775048  0.710647  0.753772  0.740480  0.751188
  0.745793  0.741201  0.742326  0.744453  0.640574  0.403217  0.388468
  0.283818  0.278460  0.000000  0.186238  0.185077  0.794241  0.790776
  0.789621  0.796286  0.795206  0.797179  0.793895  0.795437  0.792294
  0.789797  0.789157  0.787839  0.787976  0.788946  0.786412  0.787572
  0.785305  0.787586  0.792776  0.787041  0.788098  0.790913  0.792627
  0.792350  0.786063  0.791158  0.792650  0.788663  0.790340  0.792058
  0.751362  0.767767
ACEP        0.778039  0.775276  0.715110  0.753433  0.743635  0.750990
  0.746928  0.744675  0.741306  0.746076  0.644924  0.405407  0.394020
  0.285096  0.283111  0.186238  0.000000  0.132135  0.797280  0.794797
  0.794145  0.802693  0.801473  0.802652  0.799109  0.801050  0.797797
  0.796458  0.795067  0.793307  0.794406  0.795907  0.793074  0.793502
  0.790947  0.793425  0.798583  0.792469  0.793756  0.794682  0.794954
  0.794435  0.791842  0.796624  0.797086  0.792728  0.794040  0.795810
  0.755229  0.775830
MPHA        0.768934  0.770265  0.709733  0.753355  0.740276  0.745050
  0.743043  0.740570  0.740436  0.741809  0.639669  0.404761  0.391316
  0.286547  0.282776  0.185077  0.132135  0.000000  0.791180  0.787039
  0.786211  0.796235  0.794452  0.796794  0.787647  0.795613  0.790114
  0.784703  0.785863  0.782763  0.787393  0.788980  0.786834  0.783966
  0.784302  0.786868  0.789266  0.786039  0.786935  0.783778  0.785896
  0.792791  0.780403  0.788764  0.789946  0.786529  0.783421  0.788661
  0.747465  0.764801
DWIL        0.652203  0.880811  0.839779  0.827876  0.819233  0.824793
  0.825229  0.819873  0.822332  0.820777  0.746663  0.816722  0.805525
  0.800442  0.797332  0.794241  0.797280  0.791180  0.000000  0.215434
  0.215530  0.212500  0.211242  0.210736  0.206908  0.209791  0.210158
  0.207714  0.210704  0.208331  0.212320  0.213434  0.211625  0.210204
  0.204437  0.208145  0.211178  0.206932  0.208276  0.242230  0.238723
  0.231075  0.216755  0.221673  0.226892  0.226920  0.227918  0.229038
  0.648364  0.668238
DANA        0.652332  0.877775  0.832860  0.824917  0.813621  0.821282
  0.820983  0.814532  0.815422  0.815740  0.742329  0.813435  0.801414
  0.797232  0.792733  0.790776  0.794797  0.787039  0.215434  0.000000
  0.046562  0.181407  0.179788  0.179984  0.176072  0.178800  0.137839
  0.137060  0.140752  0.137686  0.142044  0.143291  0.142124  0.137689
  0.131533  0.134932  0.137498  0.132720  0.134550  0.242469  0.239498
  0.231305  0.216886  0.221725  0.227176  0.227349  0.227955  0.228746
  0.643265  0.663748
DBIP        0.653279  0.878367  0.833470  0.825576  0.814119  0.821547
  0.820813  0.814888  0.816159  0.816761  0.742540  0.812412  0.800688
  0.797173  0.792326  0.789621  0.794145  0.786211  0.215530  0.046562
  0.000000  0.181852  0.180227  0.180285  0.176769  0.179606  0.138988
  0.138113  0.142092  0.138693  0.143005  0.144128  0.142583  0.139229
  0.133204  0.135635  0.138678  0.133950  0.136326  0.243234  0.240252
  0.231688  0.217675  0.222185  0.227631  0.227777  0.228421  0.229408
  0.643353  0.663930
DGUA        0.657489  0.882778  0.841446  0.830134  0.818862  0.825649
  0.827618  0.820342  0.824371  0.823271  0.749041  0.818401  0.808763
  0.803904  0.800788  0.796286  0.802693  0.796235  0.212500  0.181407
  0.181852  0.000000  0.060983  0.072295  0.069404  0.071131  0.172848
  0.172065  0.175294  0.173714  0.176421  0.177544  0.176083  0.174596
  0.168146  0.171653  0.173726  0.169643  0.169654  0.241367  0.235841
  0.224883  0.211580  0.215105  0.222314  0.224040  0.223553  0.225437
  0.648911  0.667991
DOBS        0.658109  0.883696  0.839903  0.831803  0.820605  0.826927
  0.827959  0.820722  0.824297  0.823200  0.748896  0.818895  0.807338
  0.804851  0.801210  0.795206  0.801473  0.794452  0.211242  0.179788
  0.180227  0.060983  0.000000  0.063505  0.059989  0.062301  0.170615
  0.170045  0.173762  0.171368  0.174859  0.175578  0.174395  0.172293
  0.165607  0.170125  0.171679  0.167137  0.168022  0.239092  0.234095
  0.224068  0.210067  0.214033  0.220657  0.223035  0.222916  0.224467
  0.649014  0.669507
DMIR        0.659018  0.883714  0.841981  0.831205  0.820846  0.828088
  0.828072  0.822658  0.826407  0.823735  0.748732  0.819066  0.809143
  0.806734  0.802158  0.797179  0.802652  0.796794  0.210736  0.179984
  0.180285  0.072295  0.063505  0.000000  0.013786  0.014773  0.171481
  0.170468  0.174189  0.171370  0.175033  0.175874  0.174508  0.173227
  0.166702  0.170188  0.172379  0.167712  0.168269  0.240446  0.234934
  0.223504  0.210161  0.213494  0.221586  0.223277  0.222810  0.224335
  0.649684  0.669263
DPER        0.657526  0.881274  0.838734  0.826738  0.816090  0.825840
  0.823503  0.817602  0.821733  0.818813  0.745974  0.812488  0.801939
  0.798662  0.793261  0.793895  0.799109  0.787647  0.206908  0.176072
  0.176769  0.069404  0.059989  0.013786  0.000000  0.007675  0.168203
  0.167744  0.170724  0.169591  0.171606  0.172575  0.170908  0.169662
  0.163011  0.166202  0.168878  0.163752  0.164556  0.237400  0.233003
  0.219983  0.207661  0.209485  0.217563  0.219060  0.220260  0.220286
  0.645270  0.668817
DPSE        0.658213  0.882132  0.840027  0.831105  0.820072  0.827855
  0.828682  0.821940  0.825717  0.823651  0.747553  0.818212  0.807438
  0.804150  0.800435  0.795437  0.801050  0.795613  0.209791  0.178800
  0.179606  0.071131  0.062301  0.014773  0.007675  0.000000  0.170061
  0.168350  0.172698  0.169914  0.174091  0.174996  0.173183  0.171847
  0.165385  0.168536  0.170898  0.165727  0.166854  0.238883  0.234522
  0.222791  0.208474  0.212891  0.219963  0.221615  0.221767  0.222914
  0.649135  0.668792
DKIK        0.653981  0.880642  0.836837  0.828373  0.817109  0.823325
  0.824079  0.818257  0.821016  0.818365  0.742540  0.815012  0.804192
  0.799859  0.795538  0.792294  0.797797  0.790114  0.210158  0.137839
  0.138988  0.172848  0.170615  0.171481  0.168203  0.170061  0.000000
  0.048041  0.122881  0.120383  0.124213  0.125490  0.124046  0.120072
  0.112942  0.115690  0.117555  0.113679  0.115743  0.239473  0.234641
  0.223187  0.210452  0.214221  0.220446  0.221566  0.222008  0.223549
  0.645673  0.663791
DSER        0.651741  0.878405  0.836660  0.823550  0.813113  0.819722
  0.818588  0.813261  0.815265  0.813514  0.743055  0.810362  0.799350
  0.794769  0.790013  0.789797  0.796458  0.784703  0.207714  0.137060
  0.138113  0.172065  0.170045  0.170468  0.167744  0.168350  0.048041
  0.000000  0.123143  0.121357  0.124083  0.125160  0.123997  0.120290
  0.113493  0.115996  0.118066  0.113891  0.115286  0.239836  0.233585
  0.221847  0.210482  0.212776  0.218381  0.220008  0.221415  0.220331
  0.639685  0.662707
DERE        0.651819  0.877661  0.834498  0.824732  0.812770  0.820643
  0.820454  0.813388  0.817698  0.815229  0.742702  0.810064  0.798701
  0.795339  0.792102  0.789157  0.795067  0.785863  0.210704  0.140752
  0.142092  0.175294  0.173762  0.174189  0.170724  0.172698  0.122881
  0.123143  0.000000  0.034770  0.044236  0.045543  0.044917  0.080383
  0.077218  0.078425  0.078190  0.081159  0.084417  0.241836  0.237466
  0.226255  0.213855  0.216981  0.221616  0.223469  0.224647  0.225129
  0.640941  0.661898
DYAK        0.649976  0.874807  0.833276  0.821024  0.809329  0.819418
  0.817038  0.810544  0.813385  0.811588  0.740292  0.807761  0.796043
  0.792332  0.788040  0.787839  0.793307  0.782763  0.208331  0.137686
  0.138693  0.173714  0.171368  0.171370  0.169591  0.169914  0.120383
  0.121357  0.034770  0.000000  0.042546  0.042738  0.042534  0.079306
  0.074799  0.075496  0.076483  0.079040  0.081491  0.240343  0.235165
  0.223293  0.211914  0.214321  0.219640  0.220820  0.222564  0.222213
  0.638163  0.660707
DMEL        0.650309  0.876339  0.834445  0.825424  0.813594  0.821154
  0.821095  0.814753  0.818167  0.816246  0.741701  0.811802  0.799449
  0.797290  0.793096  0.787976  0.794406  0.787393  0.212320  0.142044
  0.143005  0.176421  0.174859  0.175033  0.171606  0.174091  0.124213
  0.124083  0.044236  0.042546  0.000000  0.022501  0.022262  0.084136
  0.079426  0.080731  0.081499  0.083873  0.086346  0.240963  0.237499
  0.226337  0.213280  0.217727  0.222195  0.223574  0.223756  0.224869
  0.641955  0.660620
DSEC        0.651579  0.876871  0.834206  0.825719  0.813776  0.821524
  0.821695  0.815263  0.817760  0.815999  0.742022  0.811963  0.800111
  0.798611  0.794492  0.788946  0.795907  0.788980  0.213434  0.143291
  0.144128  0.177544  0.175578  0.175874  0.172575  0.174996  0.125490
  0.125160  0.045543  0.042738  0.022501  0.000000  0.010696  0.084759
  0.080378  0.081624  0.082403  0.084645  0.087227  0.242426  0.238410
  0.227392  0.215451  0.219471  0.224034  0.225059  0.225318  0.226348
  0.642386  0.661251
DSIM        0.648993  0.876242  0.833202  0.823599  0.810947  0.818866
  0.819206  0.812696  0.815311  0.814059  0.740557  0.810439  0.797865
  0.795418  0.791681  0.786412  0.793074  0.786834  0.211625  0.142124
  0.142583  0.176083  0.174395  0.174508  0.170908  0.173183  0.124046
  0.123997  0.044917  0.042534  0.022262  0.010696  0.000000  0.084140
  0.079358  0.080169  0.081257  0.084404  0.086364  0.238600  0.236026
  0.226768  0.213103  0.216963  0.220405  0.223251  0.221842  0.224607
  0.640298  0.658916
DEUG        0.651344  0.874797  0.832701  0.822970  0.812515  0.820558
  0.819634  0.812584  0.815842  0.815007  0.741416  0.808781  0.797211
  0.793588  0.789647  0.787572  0.793502  0.783966  0.210204  0.137689
  0.139229  0.174596  0.172293  0.173227  0.169662  0.171847  0.120072
  0.120290  0.080383  0.079306  0.084136  0.084759  0.084140  0.000000
  0.073741  0.075270  0.073751  0.076690  0.081246  0.240027  0.236167
  0.224254  0.213247  0.216128  0.221543  0.222776  0.224111  0.224859
  0.641299  0.661812
DTAK        0.649793  0.874310  0.831691  0.821910  0.811464  0.818542
  0.818723  0.812511  0.815008  0.813789  0.738318  0.807535  0.796667
  0.794380  0.789813  0.785305  0.790947  0.784302  0.204437  0.131533
  0.133204  0.168146  0.165607  0.166702  0.163011  0.165385  0.112942
  0.113493  0.077218  0.074799  0.079426  0.080378  0.079358  0.073741
  0.000000  0.059198  0.058301  0.069928  0.072599  0.233798  0.229762
  0.218483  0.206106  0.210549  0.215424  0.216252  0.216585  0.218350
  0.638221  0.658985
DBIA        0.650532  0.874955  0.831812  0.822750  0.811445  0.819323
  0.818859  0.812320  0.814810  0.814061  0.740560  0.810353  0.799585
  0.796046  0.792112  0.787586  0.793425  0.786868  0.208145  0.134932
  0.135635  0.171653  0.170125  0.170188  0.166202  0.168536  0.115690
  0.115996  0.078425  0.075496  0.080731  0.081624  0.080169  0.075270
  0.059198  0.000000  0.040621  0.072618  0.075972  0.236429  0.232531
  0.222152  0.209122  0.212790  0.218054  0.219553  0.219590  0.220245
  0.640911  0.660149
DSUZ        0.656227  0.878985  0.838903  0.829881  0.818802  0.824152
  0.824961  0.819266  0.822222  0.822464  0.746899  0.811867  0.800848
  0.797884  0.794898  0.792776  0.798583  0.789266  0.211178  0.137498
  0.138678  0.173726  0.171679  0.172379  0.168878  0.170898  0.117555
  0.118066  0.078190  0.076483  0.081499  0.082403  0.081257  0.073751
  0.058301  0.040621  0.000000  0.071758  0.075553  0.239644  0.236787
  0.225258  0.212669  0.215889  0.221363  0.222309  0.223263  0.224482
  0.644175  0.665940
DRHO        0.649274  0.876977  0.834594  0.824758  0.813622  0.819298
  0.820654  0.814335  0.815504  0.816140  0.740329  0.811078  0.796170
  0.795135  0.792175  0.787041  0.792469  0.786039  0.206932  0.132720
  0.133950  0.169643  0.167137  0.167712  0.163752  0.165727  0.113679
  0.113891  0.081159  0.079040  0.083873  0.084645  0.084404  0.076690
  0.069928  0.072618  0.071758  0.000000  0.055416  0.235633  0.232542
  0.221748  0.208638  0.212652  0.217917  0.218987  0.219078  0.221191
  0.641137  0.658899
DELE        0.650934  0.876569  0.833611  0.824165  0.812911  0.821191
  0.821856  0.814347  0.816581  0.815410  0.742244  0.811237  0.800140
  0.797099  0.792103  0.788098  0.793756  0.786935  0.208276  0.134550
  0.136326  0.169654  0.168022  0.168269  0.164556  0.166854  0.115743
  0.115286  0.084417  0.081491  0.086346  0.087227  0.086364  0.081246
  0.072599  0.075972  0.075553  0.055416  0.000000  0.237713  0.232973
  0.222514  0.209504  0.213553  0.218964  0.220029  0.220094  0.221900
  0.642901  0.661904
SLEB        0.650916  0.879870  0.834308  0.820526  0.812927  0.822044
  0.819603  0.813874  0.817042  0.815421  0.743032  0.808204  0.801917
  0.795295  0.790542  0.790913  0.794682  0.783778  0.242230  0.242469
  0.243234  0.241367  0.239092  0.240446  0.237400  0.238883  0.239473
  0.239836  0.241836  0.240343  0.240963  0.242426  0.238600  0.240027
  0.233798  0.236429  0.239644  0.235633  0.237713  0.000000  0.245703
  0.235379  0.221483  0.225246  0.230062  0.232390  0.235540  0.235021
  0.643831  0.666352
DBUS        0.655067  0.879338  0.836062  0.824915  0.816214  0.823944
  0.823409  0.817491  0.817771  0.818803  0.747589  0.811879  0.803542
  0.795611  0.792344  0.792627  0.794954  0.785896  0.238723  0.239498
  0.240252  0.235841  0.234095  0.234934  0.233003  0.234522  0.234641
  0.233585  0.237466  0.235165  0.237499  0.238410  0.236026  0.236167
  0.229762  0.232531  0.236787  0.232542  0.232973  0.245703  0.000000
  0.196643  0.180889  0.182674  0.191429  0.193264  0.193854  0.194381
  0.642699  0.667441
DGRI        0.655252  0.880422  0.838031  0.826712  0.817453  0.823816
  0.823104  0.817852  0.820902  0.820356  0.749237  0.813630  0.803545
  0.798419  0.794857  0.792350  0.794435  0.792791  0.231075  0.231305
  0.231688  0.224883  0.224068  0.223504  0.219983  0.222791  0.223187
  0.221847  0.226255  0.223293  0.226337  0.227392  0.226768  0.224254
  0.218483  0.222152  0.225258  0.221748  0.222514  0.235379  0.196643
  0.000000  0.137192  0.140778  0.152655  0.158052  0.156722  0.159773
  0.646920  0.664656
DNOV        0.647889  0.874214  0.830309  0.816529  0.808278  0.817343
  0.813976  0.810178  0.811210  0.810693  0.737221  0.805132  0.794622
  0.790525  0.785954  0.786063  0.791842  0.780403  0.216755  0.216886
  0.217675  0.211580  0.210067  0.210161  0.207661  0.208474  0.210452
  0.210482  0.213855  0.211914  0.213280  0.215451  0.213103  0.213247
  0.206106  0.209122  0.212669  0.208638  0.209504  0.221483  0.180889
  0.137192  0.000000  0.024130  0.109299  0.119077  0.120047  0.120480
  0.639644  0.661670
DVIR        0.652678  0.878257  0.834783  0.825181  0.815916  0.822554
  0.821536  0.816672  0.818917  0.818672  0.742224  0.812401  0.802971
  0.798334  0.793753  0.791158  0.796624  0.788764  0.221673  0.221725
  0.222185  0.215105  0.214033  0.213494  0.209485  0.212891  0.214221
  0.212776  0.216981  0.214321  0.217727  0.219471  0.216963  0.216128
  0.210549  0.212790  0.215889  0.212652  0.213553  0.225246  0.182674
  0.140778  0.024130  0.000000  0.112334  0.121033  0.121237  0.122976
  0.646976  0.663826
DHYD        0.652554  0.878969  0.836663  0.825101  0.816772  0.822312
  0.822134  0.817055  0.820422  0.820646  0.742679  0.812670  0.804006
  0.798769  0.794736  0.792650  0.797086  0.789946  0.226892  0.227176
  0.227631  0.222314  0.220657  0.221586  0.217563  0.219963  0.220446
  0.218381  0.221616  0.219640  0.222195  0.224034  0.220405  0.221543
  0.215424  0.218054  0.221363  0.217917  0.218964  0.230062  0.191429
  0.152655  0.109299  0.112334  0.000000  0.076796  0.077539  0.079582
  0.647570  0.664064
DARI        0.648787  0.876098  0.830407  0.820614  0.811578  0.817199
  0.816785  0.812751  0.816839  0.815747  0.738446  0.809753  0.801141
  0.795597  0.791352  0.788663  0.792728  0.786529  0.226920  0.227349
  0.227777  0.224040  0.223035  0.223277  0.219060  0.221615  0.221566
  0.220008  0.223469  0.220820  0.223574  0.225059  0.223251  0.222776
  0.216252  0.219553  0.222309  0.218987  0.220029  0.232390  0.193264
  0.158052  0.119077  0.121033  0.076796  0.000000  0.017469  0.036854
  0.641583  0.662796
DMOJ        0.649252  0.877222  0.831919  0.821839  0.810936  0.819989
  0.816895  0.812617  0.816307  0.814777  0.739299  0.807830  0.798771
  0.793417  0.789065  0.790340  0.794040  0.783421  0.227918  0.227955
  0.228421  0.223553  0.222916  0.222810  0.220260  0.221767  0.222008
  0.221415  0.224647  0.222564  0.223756  0.225318  0.221842  0.224111
  0.216585  0.219590  0.223263  0.219078  0.220094  0.235540  0.193854
  0.156722  0.120047  0.121237  0.077539  0.017469  0.000000  0.036858
  0.641406  0.662170
DNAV        0.652473  0.878257  0.834752  0.825604  0.815403  0.822417
  0.821505  0.816233  0.820301  0.819195  0.741017  0.811936  0.800719
  0.797170  0.793451  0.792058  0.795810  0.788661  0.229038  0.228746
  0.229408  0.225437  0.224467  0.224335  0.220286  0.222914  0.223549
  0.220331  0.225129  0.222213  0.224869  0.226348  0.224607  0.224859
  0.218350  0.220245  0.224482  0.221191  0.221900  0.235021  0.194381
  0.159773  0.120480  0.122976  0.079582  0.036854  0.036858  0.000000
  0.646025  0.660324
AALB        0.616136  0.850414  0.799625  0.789081  0.777814  0.784155
  0.782909  0.780319  0.783048  0.783355  0.704900  0.776761  0.764749
  0.755766  0.753997  0.751362  0.755229  0.747465  0.648364  0.643265
  0.643353  0.648911  0.649014  0.649684  0.645270  0.649135  0.645673
  0.639685  0.640941  0.638163  0.641955  0.642386  0.640298  0.641299
  0.638221  0.640911  0.644175  0.641137  0.642901  0.643831  0.642699
  0.646920  0.639644  0.646976  0.647570  0.641583  0.641406  0.646025
  0.000000  0.371609
AGAM        0.639663  0.868828  0.816400  0.805896  0.792384  0.798084
  0.796769  0.794540  0.792903  0.794436  0.727332  0.794835  0.780743
  0.770453  0.768112  0.767767  0.775830  0.764801  0.668238  0.663748
  0.663930  0.667991  0.669507  0.669263  0.668817  0.668792  0.663791
  0.662707  0.661898  0.660707  0.660620  0.661251  0.658916  0.661812
  0.658985  0.660149  0.665940  0.658899  0.661904  0.666352  0.667441
  0.664656  0.661670  0.663826  0.664064  0.662796  0.662170  0.660324
  0.371609  0.000000
