2919
5681
1155
6150
6325
4406
4121
2488
2057
1094
8138
3431
2928
5912
3770
4602
4048
5349
5823
6340
3996
5778
4494
4317
5630
4766
3154
6179
4761
5395
5018
2574
6423
6877
1919
4700
1698
633
5129
4873
6310
3284
2752
4200
1824
5299
4415
6210
6682
2881
6350
4933
4628
4984
4423
4464
3213
6631
6674
1920
5519
6394
4721
4720
4714
2656
5521
5957
4835
5858
5867
2324
5763
6117
2330
1792
3552
6643
3372
2953
4214
3261
4425
5527
4430
3830
5764
5849
1782
2309
6027
2406
6960
4836
4096
6061
4834
354
4447
3199
3610
6535
1727
5227
2799
2275
3724
3038
3953
3727
3708
2185
4583
4076
6959
5727
5467
4282
990
3800
2749
3611
5787
6376
4767
2611
5553
4487
4364
8072
4755
5425
2763
4483
2740
5655
5290
6054
4196
1136
5034
6047
2028
6378
4928
4660
2773
2474
4316
6252
2893
5497
3415
3588
2236
3838
6390
3400
4270
3926
4371
3548
5263
4625
5693
5974
5199
4764
4688
8125
5156
4552
2976
3264
3112
2263
4687
5355
5462
5980
3895
5761
4077
5978
1862
6266
4676
4067
6106
6250
6216
5036
3697
5169
5769
1362
3540
5365
6329
6523
5664
5733
2151
5576
4605
5321
4736
4723
6364
3905
6324
5673
2857
1745
4044
2048
2859
6459
3188
2779
6305
5686
3535
3006
5190
8157
3310
3695
5402
4297
4863
3673
3315
4917
6284
5828
4053
4107
2091
4577
4307
6451
