2918
5796
924
6306
6486
4468
4180
2459
1997
860
6928
3463
2927
6063
3804
4666
4107
5459
5972
6501
4033
5893
4558
4378
5744
4833
3161
6337
4828
5507
5126
2560
6585
7211
1839
4767
1576
432
5237
4941
6471
3294
2740
4259
1727
5408
4477
6368
6909
2878
6511
5039
4692
5092
4485
4527
3222
6855
6900
1840
5631
6555
4788
4787
4781
2643
5633
6108
4902
6008
6017
2296
5878
6273
2302
1695
3584
6867
3402
2952
4273
3270
4487
5639
4492
3864
5879
5999
1684
2274
6180
2379
7349
4903
4155
6215
4901
201
4510
3208
3643
6757
1605
5336
2787
2238
3758
3039
3989
3761
3742
2145
4647
4135
7348
5842
5579
4342
751
3834
2737
3644
5936
6537
4834
2598
5665
4550
4426
5912
4822
5537
2751
4546
2727
5769
5399
6208
4255
901
5142
6201
1958
6539
5034
4727
2761
2445
4377
6412
2890
5609
3447
3621
2196
3872
6551
3431
4330
3962
4433
3580
5372
4689
5808
6125
5308
4831
4755
6384
6638
5264
4616
2976
3273
3119
2225
4754
5465
5574
6131
3930
5876
4136
6129
1781
6426
4743
4126
6262
6410
6375
5144
3731
5278
5884
1172
3572
5475
6490
6745
5779
5848
2098
5688
4669
5430
4803
4790
6525
3940
6485
5788
2854
1636
4103
1988
2856
6677
3195
2767
6466
5801
3567
3006
5299
6947
3340
3729
5514
4358
4931
3707
3345
5023
6444
5977
4112
4166
2037
4641
4368
6669
